tarih,platform,metin,etkilesim,url
Mobil Veri,TikTok,TCL'in yeni TV'leri Türkiye'de! @tclelectronicsturkiye #SQDMiniLED #T......,508,https://www.tiktok.com/@webtekno/video/7652092243079105813
Mobil Veri,TikTok,Siz otopilota güvenir miydiniz?...,169,https://www.tiktok.com/@webtekno/video/7651961036853103893
Mobil Veri,TikTok,TRT neden Dünya Kupası’nı 4K yayımlamıyor? İşte bilmeniz gerekenler!🚨......,710,https://www.tiktok.com/@webtekno/video/7651576305145761044
Mobil Veri,TikTok,Google yapay zeka destekli sağlık asistanı geliştirdi!...,19,https://www.tiktok.com/@webtekno/video/7650160895657938196
Mobil Veri,TikTok,Siz bu sistem hakkında ne düşünüyorsunuz?...,95,https://www.tiktok.com/@webtekno/video/7650160490743614740
Mobil Veri,TikTok,Oscar Ödülleri'nde yapay zeka yasaklandı. Siz bu karar hakkında ne ......,41,https://www.tiktok.com/@webtekno/video/7649774131939904788
Mobil Veri,TikTok,iOS 27 Tanıtıldı: Yeni Siri neler sunacak? Yenilikleri özetledik! #io......,6496,https://www.tiktok.com/@webtekno/video/7649388660994919698
Mobil Veri,TikTok,Sizce bu ürün başarı elde edecek mi?...,497,https://www.tiktok.com/@webtekno/video/7648959371858218247
Mobil Veri,TikTok,Apple’ın yeni CEO’su John Ternus ne kadar maaş alacak? ...,537,https://www.tiktok.com/@webtekno/video/7647977851626573074
Mobil Veri,TikTok,Elon Musk'ı el birliğiyle trilyoner yapıyoruz! SpaceX bu ay halka arz......,3372,https://www.tiktok.com/@webtekno/video/7647154890141224199
